          1          1         20         40
          2          2         41         44
          3          2         46         57
          4          2         41         53
          5          1         32         40
          6          1         31         63
          7          2         50        163
          8          2         67         56
          9          3         71        147
         10          2         66         51
         11          2         64        346
         12          2         63         56
         13          2         40         44
          0          0          0          0
		  0          0          0          0		   
         14          1         31         63
         15          3         93         15
         16          2         66         56
         17          1         17        145
         18          1         21         64
         19          1         11         44
         20          2          6         65
         21          1         12         89
         22          1         20         16
         23          1         34        461
         24          2         50        112
         25          2          4         50
          0          0          0          0
          0          0          0          0
         26          1        120        163
         27          3         71        160
         28          2         63         57
         29          1         16         52
         30          3         96         78
         31          2         67         11
         32          1         20         17
         33          3         71         51
         34          2         64         53
         35          2         67        147
         36          1         22         95
         37          3         72        156
          0          0          0          0
         38          2         64        440
         39          1         13        156
         40          3          9         57
         41          2         62         66
         42          1         20        163
         43          2          4         16
         44          1         20         45
         45          2         62         24
         46          2          4         13
         47          2         67         14
         48          1         20         30
         49          2         67         14
          0          0          0          0
          0          0          0          0
          0          0          0          0
         50          1         20         44
         51          2         64         40
         52          3         70        190
         53          2         62         54
         54          3         72         15
         55          1         26         11
         56          3         72         12
         57          2         67         51
         58          1         20         56
         59          2         67         40
         60          1         20         16
         61          1         10         31
          0          0          0          0
         62          1         14         63
         63          3         72         36
         64          2         60         54
         65          2         64         64
         66          2         67         15
         67          3          7         40
         68          1         13        157
         69          2         60        151
         70          2         62         66
         71          3         72        163
         72          2         63        151
         73          3         72        141
         74          1         20        145
         75          2         64        164
         76          1         11         45
         77          1         13         45
         78          2         44         46
         79          2         60         43
         80          3         74         53
         81          2         67        440
         82          1         20        146
          0          0          0          0
         83          2         64        164
         84          1         20        145
         85          2         60         56
         86          2         64         52
         87          2         61        141
         88          3         92         89
         89          3         70         12
         90          3         71        141
         91          2         64         64
         92          1         34        564
         93          1        167        157
         94          2         66         40
         95          3         71         17
         96          1         20         11
         97          2         60         78
         98          2         62         27
         99          3         72        156
        100          3         71         44
        101          2         64        143
        102          1         16         54
        103          2         67         16
        104          2         62         54
        105          1         20        162
        106          2         64        164
        107          1         20        145
        108          2         64        546
        109          3         71         52
        110          1         20         14
        111          2          4        546
        112          1         10         64
        113          3         70         40
        114          2         60         54
        115          2         62         43
        116          3         72         56
        117          3         71         12
        118          3         72         41
          0          0          0          0
          0          0          0          0
        119          2         63         45
        120          1         27         71
        121          2         50         12
        122          2         64         50
        123          1         20         13
        124          3         71         16
        125          2         63         57
        126          2         60         52
        127          1         20         15
        128          3         71         51
        129          3         72         40
        130          1         20        157
        131          1         17         43
        132          3         71         56
        133          1         14         89
        134          1         10         16
        135          1         31         15
        136          1         30         44
        137          1        115         44
        138          1         32         54
        139          1         10         15
        140          1         14         16
        141          1         31        178
        142          1         30         56
        143          1         13         15
        144          1         14          4
        145          1         10         15
        146          1        170        190
        147          1         10         14
        148          1         32         16
          0          0          0          0
        149          1         14         44
        150          1        109        345
        151          1         13         56
        152          1        117          1
        153          1         23         14
        154          1        105         67
        155          1         13         15
        156          1         10        124
        157          1        105         14
        158          1         10         41
        159          1         28         19
        160          1         31         56
        161          1        101         16
        162          1         10         49
        163          1         14        156
        164          1        103         56
        165          3         89        190
        166          1        135         54
        167          1         10         35
        168          1        103         44
        169          1         31         54
        170          1         34        189
        171          1         10         25
        172          1         14          4
        173          1         10         15
        174          1         32         56
        175          1         14        345
        176          1         30         55
        177          1         31         56
        178          1         14          4
        179          1         31         78
        180          1        105         41
        181          1         14         15
        182          1         10         17
        183          1         30         23
        184          1         31         54
        185          1         14         15
        186          1         31          4
        187          1        115         16
        188          1         14         14
        189          1        108         89
        190          1         14         90
        191          1         10         65
        192          1        185         14
        193          1         30         44
        194          1         10         47
        195          1         14         55
        196          1         30         15
          0          0          0          0
        197          1         34        190
        198          1         10         48
        199          1         31         15
        200          1         10          4
        201          1         14         15
        202          1         31         78
        203          1         10         16
        204          1         14         44
        205          1         30         16
        206          1        108         56
        207          1         14         16
        208          1        109         15
        209          1         14         54
        210          1         32        345
        211          1         14         44
        212          1        195         15
        213          1         10         15
        214          1         31         54
        215          1         14        120
        216          1         31         14
        217          1         14         44
        218          1        109         89
        219          1         14         16
        220          1         25         56
        221          3         95         50
        222          1         10         16
        223          1         32         16
        224          1         14         67
        225          1         31         44
        226          1         14         17
        227          1        105         90
        228          1         13         16
        229          1        103         44
        230          1         14         15
        231          1         10         17
        232          1         14         55
          0          0          0          0
        233          1         10         15
        234          1         31         54
        235          1         14          4
        236          1         31         67
        237          1         10         14
        238          1         14         54
        239          1         30         44
        240          1         10         15
        241          1         30         44
        242          1         14         16
        243          1         10         40
        244          1         31         15
        245          1         10         49
        246          1         15         46
        247          1         25         62
        248          1        112         19
        249          1         30         54
        250          1        105         14
        251          1         10         14
        252          1         14         44
        253          1         32         62
        254          1         14         56
        255          1         10         45
        256          1         21         44
        257          1         30         54
        258          1         10         15
        259          1        112         14
        260          1         30         54
        261          1        135         14
        262          1         10         14
        263          1        229         16
        264          1         14         15
        265          1         32         44
        266          1         10         16
        267          1         14         54
        268          1         31         55
          0          0          0          0
        269          1         10         14
        270          1        120         56
        271          1         30          4
        272          1         10         14
        273          1         30        278
        274          1         31         56
        275          1         25         45
        276          1         14        123
        277          1         32         14
        278          1         14          4
        279          1         10         15
        280          1        105         54
        281          1         31         15
        282          1         30         44
        283          1        108         15
        284          1         31         54
        285          1         10         14
        286          1         31          4
        287          1         10         14
        288          1         30          4
        289          1        108         27
        290          1         32         54
        291          1         10         84
        292          1         31         54
          0          0          0          0
        293          1         32         54
        294          1        185         15
        295          1         10        124
        296          1         32         44
        297          1         31         15
        298          1         14         15
        299          1         30         67
        300          1         32         56
        301          1        105         15
        302          1         25         56
        303          1         10         34
        304          1         31         56
          0          0          0          0
        305          1         14         56
        306          1         32         44
        307          1         10         16
        308          1         14         92
        309          1         32         56
        310          1        112         14
        311          1         10         14
        312          1        105         56
        313          1         14          4
        314          1         31         56
        315          1         14         14
        316          1        105         44
        317          1         14         15
        318          1         10         17
        319          1         14         54
        320          1         32         44
        321          1         10         14
        322          1         14         15
        323          1         32          4
        324          1         14         54
        325          1         30          4
        326          1         31         54
        327          1         10         15
        328          1         31         54
        329          1         25        189
        330          1         34         90
        331          1         31         14
        332          1         25         12
        333          1         10         74
        334          1         15         44
        335          1        185         44
        336          1         14         15
        337          1         13         17
        338          1         10          1
        339          1        105         16
        340          1         14         15
        341          1         12          4
        342          1         15         46
        343          1         12         46
        344          1         25         54
        345          1         10         49
        346          1         15         44
        347          1        185          4
        348          1         14         14
        349          1         10         15
        350          1         13         44
        351          1         10         15
        352          1         14         90
        353          1         30         15
        354          1         34        150
        355          1        167         44
        356          1         10         14
        357          1        112         16
        358          1         14         15
        359          1         10         16
        360          1        188         15
        361          1         30          4
        362          1        229         23
        363          1         32         54
        364          1         12          4
          0          0          0          0
          0          0          0          0
          0          0          0          0
          0          0          0          0
        365          1         25         57
        366          1         10          4
        367          1         15         44
        368          1         32         44
        369          1         31         15
        370          1         10         15
        371          1         16          5
        372          1         10         85
        373          1         13         44
        374          1         10         25
        375          1         31          4
        376          1         14         15
        377          1         31         56
        378          1         32         44
        379          1         10         15
        380          1         31         54
        381          1         32         54
        382          1         31         79
        383          1         10         14
        384          1         32        128
        385          1         14         16
        386          1         25         54
        387          1         10          4
        388          1         14         44
        389          1         32         56
        390          1         31         97
        391          1         14          4
        392          1         31         43
        393          1         10         14
        394          1         32         55
        395          1         14         16
        396          1         10         59
        397          1         14         14
        398          1         13         14
        399          1         10         64
        400          1         13         45
          0          0          0          0
        401          1         25         12
        402          1         10         14
        403          1         32         56
        404          1        105         15
        405          1         30         44
        406          1         14         56
        407          1         10         16
        408          1         32         16
        409          1         34         50
        410          1        105          4
        411          1         10         15
        412          1        185         14
        413          1         30         12
        414          1         10         15
        415          1         31         15
        416          1         14         54
        417          1         30         56
        418          1         10         15
        419          1        165         16
        420          1         14         15
        421          1         10         16
        422          1        112         15
        423          2         67        180
        424          1         10         15
        425          1        108         44
        426          1         14         54
        427          1         30          1
        428          1         10         14
        429          1         30         44
        430          1         31         56
        431          1         14         14
        432          1         31         14
        433          1         10         75
        434          1        188         50
        435          1         10         16
        436          1         14          4
        437          1         32         87
        438          1         10         16
        439          1         14          4
        440          1         30         54
        441          1        105         56
        442          1         13         15
        443          1         10         94
        444          1         32         16
        445          1         14         12
        446          1         31         15
        447          1         10         48
        448          1         32         16
        449          1         10         14
        450          1        119         16
        451          1         30         54
        452          1        105         54
        453          1         10         16
        454          1         14         16
        455          1         30         56
        456          1         31         56
        457          1         14         54
        458          1        108         14
        459          1         30         54
        460          1         10         16
        461          1         15          9
        462          1         31         54
        463          1         30          4
        464          1        105        900
        465          1         32         54
        466          1         31          4
        467          1         14         15
        468          1         32        200
        469          1         14          4
        470          1         31         89
        471          1         14          4
        472          1         31         15
        473          1         30         44
        474          3         89        190
        475          1         30         44
        476          1        112         15
        477          1         30         55
        478          1         14         14
        479          1        229         56
        480          1         10         15
        481          1         14         44
        482          1         31         15
        483          1        236         15
        484          1         10         14
        485          1         30         44
        486          1         31          4
        487          1         10         14
        488          1        105         14
        489          1         30         55
        490          1         10         15
        491          1         32         16
        492          1         30         23
        493          1         10         15
        494          1         14         24
        495          1        167         78
        496          1         14         44
        497          1         30         12
        498          1        112         15
        499          1         10          5
        500          1         32         16
        501          1         10         14
        502          1        105         14
        503          1         32         56
        504          1         31         56
        505          1         10         14
        506          1        105         14
        507          1         30         46
        508          1         10         15
        509          1         14         89
        510          1         10         15
        511          1         31         54
        512          1         30         44
        513          1        105         15
        514          1         30         90
        515          1         12         78
        516          1         31         14
        517          1         25         56
        518          1         32         12
        519          1         10         14
        520          1         14         56
          0          0          0          0
        521          1        105         56
        522          2         56         78
        523          1        112         54
        524          1         31         54
        525          2         67        180
        526          1         32         44
        527          1         10         16
        528          1        229         56
        529          1         14         44
        530          1        105         96
        531          1         14         14
        532          1         10         14
          0          0          0          0
        533          1         32         16
        534          1         10         14
        535          1        105         44
        536          1         14         15
        537          1         10         17
        538          1        105         44
        539          1         31         54
        540          1        112         54
        541          1         25         64
        542          1         30         12
        543          1         32         56
        544          1        105         15
        545          1         13         16
        546          1         10        174
        547          1         32         12
        548          1         14         67
        549          1         30         16
        550          1         14         16
        551          1         31         45
        552          1         30         56
        553          1         10         15
        554          1         30         85
        555          1         10         16
        556          1        165         54
        557          1         14         16
        558          1         31         44
        559          1         14         15
        560          1         32         89
        561          1         14         15
        562          1         17         16
        563          1         25         12
        564          1         10          4
        565          1         30         54
        566          1         14         56
        567          1         10         14
        568          1         32         16
        569          1         30         55
        570          1         10         15
        571          1         14         18
        572          1         31         44
        573          1         14         15
        574          1        105         14
        575          1         14          4
        576          1         31         71
        577          1         14          4
        578          1         32         56
        579          1         31         56
        580          1         10         14
        581          1        167         14
        582          1         30         54
        583          1         32         56
        584          1        112         15
        585          1         14         14
        586          1         10         15
        587          1         30         44
        588          1         31         15
        589          1         25         54
        590          1         10          4
        591          1         31         15
        592          1         14          4
        593          1         31         67
        594          1         14          4
        595          1         31         56
        596          1         14         16
        597          1         32         44
        598          1         10         16
        599          1        229         86
        600          1         31         56
        601          1         13         14
        602          1         14          4
        603          1         30          4
        604          1         14         15
        605          1         10         15
        606          1         32         16
        607          1         10         14
        608          1         31         14
        609          1         18        189
        610          1         25         63
        611          1         10         42
        612          1         31         15
        613          1         14          4
        614          1         31         55
        615          1         30         44
        616          1        119         15
        617          1         30         55
        618          1        124         14
        619          1         31         14
        620          1         14          4
        621          1         32         56
        622          1        105         15
        623          1         10         14
        624          1         31         55
        625          1        105         55
        626          1         14         56
        627          1         30         44
        628          1         31         15
        629          1         10         84
        630          1         32         16
        631          1         10         14
        632          1         30         44
        633          1         14        184
        634          1         30         56
        635          1         25         54
        636          1         10        314
        637          1         31         55
        638          1         32         16
        639          1        112         44
        640          1         10         14
        641          1         32         16
        642          1         10         14
        643          1        105         14
        644          1         30         54
        645          1         31         56
        646          1         10         14
        647          1        105         14
        648          1         30         55
        649          1         25         53
        650          1         10          1
        651          1         14          4
        652          1        105         14
          0          0          0          0
          0          0          0          0
          0          0          0          0
          0          0          0          0
          0          0          0          0
          0          0          0          0
        653          1         30         54
        654          1         31         56
        655          1         17          4
        656          1         14         44
        657          1         32         55
        658          1         14          4
        659          1         32         54
        660          1         14         54
        661          1         30         44
        662          1         10         16
        663          1         14         19
        664          1         31         55
        665          1         14         15
        666          1         10         16
        667          1        229         54
        668          1         32         16
        669          1         14          4
        670          1         31         55
        671          1         14         44
        672          1         30         56
        673          1         14         16
        674          1        112         15
        675          1         10         14
        676          1         30         44
        677          1         31         14
        678          1         14         56
        679          1         10          1
        680          1        236         44
        681          1         10         14
        682          1         32         16
        683          1         10         14
        684          1        105         14
        685          1         30         54
        686          1         32         56
        687          1        105         15
        688          1         30         44
        689          1         31         15
        690          1         14          4
        691          1         31         55
        692          1        167          4
        693          1         14         17
        694          1         10         15
        695          1         31         15
        696          1         14          4
        697          1         31         55
        698          1         30         44
        699          1        112         15
        700          1         30         55
        701          1        142         14
        702          1        105         55
        703          1         25         56
        704          1         10         43
        705          1         14         44
        706          1         10          4
        707          1         17          4
        708          1         14         44
        709          1         32         55
        710          1         10         16
        711          1         14         56
        712          1         31         14
        713          1         14         15
        714          1         32         44
        715          1        105         14
        716          1         15         15
        717          1        149        148
        718          1        105         55
        719          1         10         15
        720          1         14         56
        721          1         25         12
        722          1         10         48
        723          1         14         16
        724          1         10         16
          0          0          0          0
          0          0          0          0
        725          1         32         16
        726          1         30         55
        727          1         10         15
        728          1         31         56
        729          1         14         56
        730          1        229         16
        731          1         10         16
        732          1         32         16
        733          1         10         14
        734          1         14         55
        735          1         30         15
        736          1         30         47
        737          1        112         44
        738          1         10         14
        739          1         23        190
        740          1         31         54
        741          1         30          4
        742          1        165         55
        743          1         32         54
        744          1         10         16
        745          1        105         14
        746          1         10         14
        747          1         32         16
        748          1         10         14
        749          1        105         56
        750          1         25         55
        751          1         10         47
        752          1         30         56
        753          1         10         15
        754          2         55         67
        755          1         31         54
        756          1         14         44
        757          1         30         56
        758          1         31         54
        759          1         25         12
        760          1         10         14
          0          0          0          0
        761          1         30         55
        762          1        105         15
        763          1         14          4
        764          1        112         56
        765          3         75         29
        766          1        119         54
        767          1         32         44
        768          1         10         16
        769          1        105         56
        770          1         31          4
        771          1         32         56
        772          1         31         56
        773          1         14          4
        774          1         31         55
        775          1         14         44
        776          1        105         55
        777          3         79        120
        778          1        167         55
        779          1         10         15
        780          1         31         15
        781          1         10         94
        782          1         31         55
        783          1        112         55
        784          1         14         56
        785          1         10        124
        786          1         31         55
        787          1         10         16
        788          1         30         44
        789          1         25         63
        790          1        229         54
        791          1         14         55
        792          1         17         16
        793          1         25         12
        794          1         10          4
        795          1         12          4
        796          1        105         52
        797          1         14         44
        798          1        105         55
        799          2         66         23
        800          1         10         14
        801          1         32         16
        802          1         10         14
        803          1         30         56
        804          1         31         15
        805          1        105         55
        806          2         57         89
        807          1         10         14
        808          1         31         15
        809          1        112         44
        810          1         14         15
        811          1         10         17
        812          1         31         54
        813          1         30         55
        814          1         31         15
        815          1         13         16
        816          1         30         44
        817          1        105         14
        818          1         25         54
        819          1         10         44
        820          1        105         56
        821          1         10         24
        822          1         32         16
        823          1         10         14
        824          1         14         44
        825          1         30         16
        826          1         14         16
        827          1         31         55
        828          1         30         56
        829          1         10         15
        830          1         31         44
        831          2         67        578
        832          1         15         15
        833          1         28         54
        834          1        229         14
        835          1         28         54
        836          1         32         56
        837          1         31         55
        838          1         32         44
        839          1         10         16
        840          1        236         56
        841          1         30          4
        842          1         10         14
        843          1         30         55
        844          1         31         54
        845          1         14          4
        846          1         25         57
        847          1         10         40
        848          3         89         12
        849          1         30         54
        850          1         31         56
        851          1        112         44
        852          1         14         15
        853          1         10         17
        854          1         31         56
        855          1         14         56
        856          1         10         58
        857          1         26          4
        858          1         32         55
        859          1         10         16
        860          1         14         16
        861          1         30         55
        862          1         31         14
        863          1         14         16
        864          1         10         14
        865          1         30         56
        866          1         31         55
        867          1         10         16
        868          1         14         56
        869          1         10         15
        870          3         99         98
        871          1         25         55
        872          1         10        400
        873          1         31         55
        874          1         14         15
        875          1         13         16
        876          1         10         64
        877          1         32         12
        878          1         14         54
        879          1         10         64
        880          2         57         89
        881          1         10         14
        882          1        105         54
        883          1         32         16
        884          1         14         44
        885          1         30          4
        886          1         10         17
        887          1         32         16
        888          1         10         14
        889          1         14         16
        890          1         30         55
        891          1         31         14
        892          1         14         16
        893          1         13         14
        894          1         10         48
        895          1         32         12
        896          1         10         14
        897          1         32         54
        898          1         14         56
        899          1         25         64
        900          1         10         74
        901          1         30         56
        902          1         31         55
        903          1         10         16
        904          1         32         56
        905          1        105         15
        906          1         30          4
        907          1         10         14
        908          1         31         56
        909          1         10         16
        910          1         14          4
        911          1         10         15
        912          1         14          4
        913          1         31         55
        914          1         10         24
        915          1         14         55
        916          1         30         15
        917          2         55         66
        918          1         10         84
        919          1         31         15
        920          1         11         94
        921          1        165         14
        922          1         30         54
        923          1        167         14
        924          1         25         45
        925          1         15         49
        926          1         31         55
        927          1        112         55
        928          1         14         56
        929          1         19         40
        930          1        105         16
        931          1         14         15
        932          1         10         16
        933          1         14          4
        934          1         32         56
        935          1         31         56
        936          1         17         54
        937          1         19         49
        938          1         32         16
        939          1         10         14
        940          1         31         56
        941          1        105         54
        942          1         31         15
        943          1         14         44
        944          1        105         15
        945          1         10         15
        946          1         31         54
        947          1         14         44
        948          1         10         15
        949          1         32         16
        950          1         25         45
        951          1         13          4
        952          1         14         55
          0          0          0          0
          0          0          0          0
        953          1         30         15
        954          3         78        190
        955          1        229         44
        956          1         10         14
        957          1         32         56
        958          1         14         16
        959          1         30         56
        960          1         10         15
        961          1         32         56
        962          1         31         55
        963          1         14         44
        964          1         32         55
        965          1         14         56
        966          1         31          4
        967          1         14         15
        968          1         32         55
        969          1         32         16
        970          1         10         14
        971          1         30         44
        972          1        112         15
        973          1         30         55
        974          2         54         14
        975          1        119         55
        976          1         25         56
        977          1         18         49
        978          1         14         55
        979          1         11         40
        980          1        105         56
        981          1         30          4
        982          1         10         14
        983          1        105         15
        984          1         31         44
        985          1         30         54
        986          1         13         16
        987          1         10          4
        988          1         31         11
        989          1         14          4
        990          1         31         55
        991          1         14          4
        992          1        105         14
        993          1         31         56
        994          1         14          4
        995          1         31         55
        996          1         10         14
        997          1        112         54
        998          1         10         16
        999          1         32         56
       1000          1         31         57
       1001          1         32         44
       1002          1         25         63
       1003          1         10         47
       1004          1         14         54
       1005          1         30         56
       1006          1         10         15
       1007          1        105         56
       1008          1         15          4
       1009          1         10         15
       1010          1         32         16
       1011          1        105         14
       1012          1         10         15
       1013          1         31         55
       1014          1         10         16
       1015          1         31         55
       1016          1        229         87
       1017          1         14         56
       1018          1         31         56
       1019          1         14         16
       1020          1         31         44
       1021          1        167         14
       1022          1         38         67
       1023          1         31         14
       1024          1         25         56
       1025          1         19          4
       1026          1         15          5
       1027          1         10         35
       1028          1         25          4
       1029          1         32         56
       1030          1         14         15
       1031          1         10         15
       1032          1        112         14
       1033          1         10         17
       1034          1         30         54
       1035          1        105         15
       1036          1         14          4
       1037          1         10         15
       1038          1         31         54
       1039          1         28         56
       1040          1         32         56
       1041          1         31         57
       1042          1         30         53
       1043          1         31         15
       1044          1         14         13
       1045          1        105         87
       1046          1         13         14
       1047          1         14         44
       1048          1         30         44
       1049          1         31         56
       1050          1         14          4
       1051          1         10         15
       1052          1         30         44
       1053          1         13         56
       1054          1         10          1
       1055          1         14          4
       1056          1        105         54
       1057          1         14         16
       1058          1         18         49
       1059          1        105         56
       1060          1         16         48
       1061          1         31         56
       1062          1         14         54
       1063          1         10         14
       1064          1        112         44
       1065          1         14         15
       1066          1         13         17
       1067          1         10         47
       1068          1         30         50
       1069          1         32         14
       1070          1         30         44
       1071          1         14         54
       1072          1         32         56
       1073          1        165         15
       1074          1         14         44
       1075          1         32         81
       1076          1         14         54
       1077          1         10          1
       1078          1         31         44
       1079          1         14         17
       1080          1         31         14
       1081          1        105         44
       1082          1         14         56
       1083          1         10         16
       1084          1         31         54
       1085          1         14          4
       1086          1        236         14
       1087          1         30         54
       1088          1         31         56
       1089          1         10         14
       1090          1         14         16
       1091          1        229         90
       1092          1         10         16
       1093          1        112         56
       1094          1         16         48
       1095          1         14         56
       1096          1         31         56
       1097          1         14         15
       1098          1         11         33
       1099          2         67         80
       1100          1         31         56
       1101          1         14         15
       1102          1         10          1
       1103          1         14          4
       1104          1         10         15
       1105          1         30         56
       1106          1         32         56
       1107          1         31         16
       1108          1         10         17
       1109          1         31         81
       1110          1        105         67
       1111          1         14         56
       1112          1         31         56
       1113          1         14         16
       1114          1         13         16
       1115          1         25         12
       1116          3         88         23
       1117          1         12          4
       1118          1         22         44
       1119          1         10         14
       1120          1        105         14
       1121          1         30         44
       1122          1         14         16
       1123          1        105         54
       1124          1         14         16
       1125          1         10         15
       1126          1         30         54
       1127          1         14         56
       1128          1         10         14
       1129          1         31         81
       1130          1        167         23
       1131          1         14         56
       1132          1         30         44
       1133          1        112         14
       1134          1         10         16
       1135          1         31         54
       1136          1         22         33
       1137          1        119         87
       1138          1         31         56
       1139          1         13         14
       1140          1         24         17
       1141          1         32         16
       1142          1         25         45
       1143          1         12          4
       1144          1         31         56
       1145          1         14         56
       1146          1         10         16
       1147          1         14        180
       1148          1         30          4
       1149          1         10         14
       1150          1         14         56
       1151          1         31         14
       1152          1         14         15
       1153          1        105          4
       1154          2         45         89
       1155          1         32         56
       1156          1         31         54
       1157          1         10          5
       1158          1         26          4
       1159          1         31        230
       1160          1         14         55
       1161          1         31         56
       1162          1         25         44
       1163          3          9         81
       1164          1         31         56
       1165          1         14         56
       1166          1         30         44
       1167          1         31         56
       1168          1         14         44
       1169          1         32         56
       1170          1         31         54
       1171          1         10         14
       1172          1         14         54
       1173          1         31          4
       1174          1        105         15
       1175          1         14         56
       1176          1         25         72
       1177          3         83         19
       1178          1          3         15
       1179          3         98         79
       1180          1         14         44
       1181          1         31         28
       1182          1         10         15
       1183          1         31         56
       1184          1         14         54
       1185          1          3          2
       1186          1         10         14
       1187          1         30         30
       1188          1         10         16
       1189          1         30         55
       1190          1         14         54
       1191          1         31         14
       1192          1         10         25
          0          0          0          0
       1193          1          3          4
       1194          1        229         14
       1195          1         30         44
       1196          1         14         16
       1197          1        112         54
       1198          1         14         16
       1199          1         32         44
       1200          1         10         16
       1201          1         30         28
       1202          1          3          6
       1203          1         31         54
       1204          1         14          4
       1205          1         10         15
       1206          1         31         56
       1207          1         13         56
       1208          1         10          1
       1209          1          3         10
       1210          3         90         90
       1211          1         14          4
       1212          1         30         55
       1213          1         10         14
       1214          1         32         16
       1215          1         10         14
       1216          1         31         56
          0          0          0          0
       1217          1          3         12
       1218          1         31         15
       1219          1        105         15
       1220          1         10         14
       1221          1         31         56
       1222          1         14         56
       1223          2         45         17
       1224          1          3         14
       1225          1        105         15
       1226          1         30         44
       1227          1         31          4
       1228          1         14         15
       1229          1         30         53
       1230          1        105         89
       1231          1         28         54
       1232          1          3         16
       1233          1         32         54
       1234          1         14         56
       1235          1         28         56
       1236          1         31         56
       1237          1         14         16
       1238          1         31         14
       1239          1         10          1
       1240          1          3         20
       1241          3         78         12
       1242          1         31          4
       1243          1         14         54
       1244          1         32         18
       1245          1        105         15
       1246          1         10          5
       1247          1          3         22
       1248          1         20         44
       1249          3          8         19
       1250          1         30         44
       1251          1         14         16
       1252          1        112         54
          0          0          0          0
       1253          1         14         16
       1254          1        105         15
       1255          1          3         24
       1256          1         10         14
       1257          1        229         56
       1258          1         14         44
       1259          1         32         56
       1260          1         31         54
       1261          2         45         67
       1262          1        165         56
       1263          1          3         26
       1264          1         37        189
       1265          1         31         56
       1266          1        167         15
       1267          1         10         14
       1268          1         14          4
       1269          1         13         54
       1270          2         67         89
       1271          1          3         30
       1272          1         19         29
       1273          1         14         44
       1274          1         31         56
       1275          1         14         16
       1276          1         13         16
       1277          1          3         32
       1278          1         30         44
       1279          1        112         14
       1280          1         10         15
       1281          1        105         56
       1282          1         31         44
       1283          3         78         12
       1284          1          3         34
       1285          1         15         15
       1286          1         28         54
       1287          1        105         14
       1288          1         28         54
       1289          1         32         56
       1290          1         31         67
       1291          1         32         44
       1292          1         10         16
       1293          1          3         36
       1294          1         30         78
       1295          1         31         54
       1296          1         14          4
       1297          1         10         15
       1298          2         56         28
       1299          1         30         54
       1300          1         31         56
       1301          1         30         44
       1302          1          3         40
       1303          3         78        190
       1304          1        105          4
       1305          1         14         54
       1306          1        105         44
       1307          1          3         42
       1308          1        112         54
       1309          1         14         15
       1310          1         10         17
       1311          1         31         56
       1312          1         14         56
          0          0          0          0
          0          0          0          0
       1313          1         13         16
       1314          1         25         12
       1315          1         10          4
       1316          1         12          4
       1317          2         56        178
       1318          1         14         10
       1319          1         10         17
       1320          1          3         46
       1321          1         15          6
       1322          1         10          6
       1323          1         32         56
       1324          1         14         16
       1325          1         30         56
       1326          1         10         15
       1327          1         14          4
       1328          1        105         78
       1329          1          3         50
       1330          1         10         14
       1331          1         14         44
       1332          1         32         12
       1333          1         14         56
       1334          1         10         57
       1335          1         14         44
       1336          1         30         56
       1337          1         32         56
       1338          1          3         52
       1339          1         14         16
       1340          1         30        122
       1341          1         10         16
       1342          1         30         44
       1343          1        236         15
       1344          1         31         54
       1345          1        229         16
       1346          1          3         54
       1347          1         25         47
       1348          2         67        129
       1349          1         31         67
       1350          1        119         55
       1351          1          3         56
       1352          1         14         56
       1353          1         32         56
       1354          1         30         57
       1355          1         32         56
       1356          1        112         15
       1357          1         30         44
       1358          1          3         60
       1359          1         31         56
       1360          1         30         44
       1361          1        105         15
       1362          1         31         55
       1363          2         49         58
       1364          1         31         14
       1365          1         10         85
       1366          1         26          4
       1367          1          3         62
       1368          1         31        122
       1369          1         14         44
       1370          1         30         56
       1371          1         32         56
       1372          1         14         16
       1373          1         30        567
       1374          1         10         16
       1375          1          3         64
       1376          1        105         15
       1377          1         25         87
       1378          1         34         39
       1379          1        105         14
       1380          1          3         66
       1381          1         31         16
       1382          1         17         14
       1383          1         25         12
       1384          2         45        189
       1385          1          3         70
       1386          1         35         68
       1387          1         12          4
       1388          1         27          4
       1389          1         32         16
       1390          1         10         14
       1391          1         14         72
       1392          1          3         72
       1393          1         30         15
       1394          3          7         12
       1395          1        167         44
       1396          1         10         14
       1397          1        112         14
       1398          1         30         54
       1399          1         31         56
       1400          1          3         74
       1401          1         10         14
       1402          1        105         14
       1403          1         30         12
       1404          1         14         32
       1405          1         10         19
       1406          1          3         76
       1407          3         78        123
       1408          1         30          5
       1409          1         10        125
       1410          1         14          4
       1411          1         31         72
       1412          1         18         30
       1413          1        105          4
       1414          1         31         54
       1415          1         10         16
       1416          1         31         15
       1417          1         10         14
       1418          1          3          2
       1419          1        229         14
       1420          1         30         87
       1421          1         14         55
       1422          1         10          1
       1423          1          3          4
       1424          1         16         18
       1425          1         30         45
       1426          1         10          5
       1427          1         14          4
       1428          1         31         98
       1429          1         14          4
       1430          1          3          6
       1431          1         14         15
       1432          1        105         14
       1433          1         31          4
       1434          1         10         14
       1435          1         14         16
       1436          1         30         54
       1437          1         25         45
       1438          3         89        128
       1439          1         12          4
       1440          1          3         12
       1441          1         12         54
       1442          3          8        120
       1443          1         32         16
       1444          1         10         14
       1445          1         14         92
       1446          1         30         15
       1447          3         76        230
       1448          1        112         44
       1449          1          3         14
       1450          1         10         14
       1451          1        105         14
       1452          1         30         54
       1453          1         31         56
       1454          1         13         14
       1455          1         30          4
       1456          1         14         16
       1457          1          3         16
       1458          1         14         44
       1459          1         31         56
       1460          1         14         16
       1461          1         31         14
       1462          1         25         54
       1463          1          3         20
       1464          3         89         67
       1465          1          3         22
       1466          3         90        190
       1467          1         31        588
       1468          1        165         55
       1469          1         14         56
          0          0          0          0
       1470          1         32         88
       1471          1         14         56
       1472          1         25         12
       1473          2         45         89
       1474          1         23          4
       1475          1         14         15
       1476          1         10         14
       1477          1         14          4
       1478          1         30        189
       1479          1         10         16
       1480          1          3         26
       1481          1        105          4
       1482          1         14         15
       1483          2         67         12
       1484          1        105         14
       1485          1         10         15
       1486          1         14          4
       1487          1         31        279
       1488          1          3         30
       1489          1         19         56
       1490          1         14         16
       1491          1         32         56
       1492          1         14         54
       1493          3         90        120
       1494          2         55         67
       1495          1          3         32
       1496          1         10         14
       1497          1         14          4
       1498          1         31        278
       1499          1         10         14
       1500          1         31          4
       1501          1        112         56
       1502          1          3         34
       1503          1         25         86
       1504          3         89         34
       1505          1          3         36
          0          0          0          0
       1506          1        105         44
       1507          1         31         54
       1508          2         45         97
       1509          1         30         56
       1510          1          3         40
       1511          1         14         56
       1512          1         25         56
       1513          1         19         60
       1514          1          3         42
       1515          3          7         90
       1516          1         32         12
       1517          1         10         14
       1518          1         30         54
       1519          1         32         16
       1520          2         52         18
       1521          1         31         14
       1522          1          3         44
       1523          1         31          4
       1524          3         89         92
       1525          1         10         14
       1526          1         14         82
       1527          1         10         15
       1528          1         31         54
       1529          1         14         44
       1530          1          3         46
       1531          1         32         56
       1532          1         14         16
       1533          1        229         14
       1534          1         12          4
       1535          1         31         72
       1536          3         88         90
       1537          1         31          4
       1538          1          3         50
       1539          1         14         15
       1540          1         30         26
       1541          1         13         56
       1542          1         10          1
       1543          1          3         52
       1544          1         38         90
       1545          1         31         14
       1546          1         10          5
       1547          1        105         56
       1548          1         30         44
       1549          1         31          4
       1550          1          3         54
       1551          1        167         15
       1552          1         10         14
       1553          1         30         67
       1554          1         31         76
       1555          1         10         14
       1556          1         31        127
       1557          1        112         68
       1558          1         14         56
       1559          1          3         56
       1560          1         14         44
       1561          1         30         56
       1562          1         14         56
       1563          1         25         56
       1564          1         15         16
       1565          1         16         45
          0          0          0          0
          0          0          0          0
          0          0          0          0
       1566          1          3         60
       1567          1         10         57
       1568          1         14          4
       1569          1         31         71
       1570          1         14         44
       1571          1        105         21
       1572          3         85        280
       1573          1        105         75
       1574          1          3         62
       1575          1         10         15
       1576          1         14         88
       1577          1         10         15
       1578          1         30         27
       1579          1         14         16
       1580          1         15          4
       1581          1          3         64
       1582          1         10          6
       1583          1         32         56
       1584          1         14         16
       1585          1         30         56
       1586          1         10         15
       1587          1         32         56
       1588          1         31         28
       1589          1         14         44
       1590          1          3         66
       1591          1         32         81
       1592          1         14         56
       1593          1         25         56
       1594          3         78         67
       1595          1         16          5
       1596          1         10         51
       1597          1          3         70
       1598          1         14          4
       1599          1         31         98
       1600          1        119         15
       1601          1         32         56
       1602          1         31         99
       1603          1         32         44
       1604          1          3         72
       1605          1         10         16
       1606          1         32         88
       1607          1        105          5
       1608          3         74        320
       1609          1        112         14
       1610          1         25          4
       1611          1          3         74
       1612          1         23         10
       1613          2         45        123
       1614          1         31         54
       1615          1         30         56
       1616          1         32         56
       1617          1         14         16
       1618          1        236         90
       1619          1         10         15
       1620          1          3         76
       1621          1        105         44
       1622          1         10         14
       1623          1         14          4
       1624          1         31         55
       1625          1         10          1
       1626          2          5         19
       1627          1         19         56
       1628          1         30         55
       1629          1        229         15
       1630          1         14          4
       1631          1        105         56
       1632          2          5          2
       1633          3         83        280
       1634          1        112         54
       1635          1         25         56
       1636          2         56         89
       1637          2          5          4
       1638          1        123         78
       1639          1         32         16
       1640          1        105         15
       1641          1         10         14
       1642          1         14          5
       1643          2          5          6
       1644          1         14         15
       1645          1        105         14
       1646          1         14          4
       1647          1        105         55
       1648          1         10         14
       1649          1        167         16
       1650          1         14         15
       1651          2          5         10
       1652          1         10         16
       1653          1         18         47
       1654          1         15          4
       1655          1         12         46
       1656          1         31          4
       1657          1         25         57
       1658          2          5         12
       1659          2         56         35
       1660          2          5         14
       1661          1         34         56
       1662          1         14          4
       1663          1        112         14
       1664          1         30         54
       1665          1         31         56
       1666          1         30         44
       1667          2          5         16
       1668          1        165         15
       1669          1         31         44
       1670          1         14         17
       1671          1         31         14
       1672          1         30         44
       1673          1        105         15
       1674          1         30         55
       1675          2          5         20
       1676          1          3         90
       1677          1        229         90
       1678          1         14         55
       1679          1         10          1
       1680          2          5         22
       1681          3         89         34
       1682          2          5         24
       1683          1         14         16
       1684          1         10         17
       1685          1        105         56
       1686          1         14         44
       1687          1         32         56
       1688          1         31         54
       1689          1         14          4
       1690          2          5         26
       1691          1        112         14
       1692          1         32         54
       1693          1         31         55
       1694          1         14          4
       1695          1         31         56
       1696          1         14         16
       1697          1         25         63
       1698          3         78         34
       1699          2          5         32
       1700          3         78         26
       1701          1         30         44
       1702          1         31         56
       1703          2         52         51
       1704          1         10         14
       1705          2          5         34
       1706          1         31         23
       1707          1         10         16
       1708          1         31         56
       1709          1         14         56
       1710          1         30          4
       1711          1         10         17
       1712          2          5         36
       1713          1         30         54
       1714          1        105         15
       1715          1         25         47
       1716          3         89         34
       1717          2          5         40
       1718          2         67         89
       1719          2          5         42
       1720          3         90         45
       1721          1         31         44
          0          0          0          0
          0          0          0          0
       1722          3         80        190
       1723          1         15         15
       1724          2          5         44
       1725          1         28         54
       1726          1        105         14
       1727          1         28         54
       1728          1         32         56
       1729          1         31         55
       1730          1         10          1
       1731          2          5         46
       1732          3          7         89
       1733          2          5         50
       1734          2          6         25
       1735          1         31         15
       1736          1         14         44
       1737          1         15         15
       1738          1         10         14
       1739          1         31         56
       1740          1         14         56
       1741          2          5         52
       1742          1        105         16
       1743          1         31         14
       1744          1         18          4
       1745          1        105         44
       1746          1         10          1
       1747          2          5         54
       1748          3         80        120
       1749          2          5         56
       1750          3         70         28
       1751          1         32         16
       1752          1        112         14
       1753          1         31          4
       1754          1         25         57
       1755          2         67         29
       1756          2          5         60
       1757          2         56        289
       1758          2          5         62
       1759          1         34         26
       1760          1         30         44
       1761          1         14         16
       1762          1        229         54
       1763          2          5         64
       1764          1         14         16
       1765          1         10         15
       1766          1         31         56
       1767          1         14         16
       1768          1         30         55
       1769          1         10         14
       1770          1         32         16
       1771          2          5         66
       1772          1         14         12
       1773          1         31         56
       1774          1         14         16
       1775          1         10          1
       1776          2          5         70
       1777          1         38         29
       1778          2          5         72
       1779          3         78         29
       1780          1         31         15
       1781          1         30         44
       1782          2          5         74
       1783          1        119         14
       1784          1         10         16
       1785          1         31         56
       1786          1         14         16
       1787          1         30         80
       1788          1         13         14
       1789          1         31         44
       1790          2          5         76
       1791          1         14         55
       1792          1         31         56
       1793          1         10          1
       1794          3          8         39
       1795          1        256        780
       1796          2          5          2
       1797          2         56         79
       1798          1        105         14
       1799          1         31         14
       1800          1         25         57
       1801          2          5          4
       1802          3         78        290
       1803          2          5          6
       1804          2         67         39
       1805          1         32         44
       1806          1         30        230
       1807          1         31         56
       1808          1         14         15
       1809          2          5         10
       1810          1         14          4
       1811          1        167         14
       1812          1         30         44
       1813          1        112         12
       1814          1         32         54
       1815          1         10          1
       1816          2          5         12
       1817          2         56         78
       1818          2          5         14
       1819          1         34         67
       1820          1         31         15
       1821          1         14          4
       1822          1        105         90
       1823          1         10         14
       1824          2          5         16
       1825          1         10          7
       1826          1         15          6
       1827          1         13          6
       1828          1         15          4
       1829          1         10         59
          0          0          0          0
       1830          1         13          5
       1831          2          5         20
       1832          1         15          4
       1833          1         25         60
       1834          1         34         89
       1835          2          5         22
       1836          1         36         78
       1837          1         14          4
       1838          2          5         24
       1839          1         31         90
       1840          3         90         15
       1841          1        105         54
          0          0          0          0
       1842          1         30         54
       1843          1         10         16
       1844          1         14         16
       1845          2          5         26
       1846          1         14         97
       1847          1         32         56
       1848          1         14         54
       1849          1         10          1
       1850          2          5         30
       1851          2         67         90
       1852          1        105         14
       1853          1         14         54
       1854          1         32         79
       1855          1         31         55
       1856          2          5         32
       1857          1         25         12
       1858          1         30         34
       1859          1         10         14
       1860          1         32         16
       1861          1         10         14
       1862          1         32         56
       1863          1         14         43
       1864          2          5         34
       1865          1         30         55
       1866          1         32         56
       1867          1        236         15
       1868          1         32         44
       1869          1         10         16
       1870          1        112         54
       1871          1         14         15
       1872          1         31         18
       1873          2          5         36
       1874          1         31         56
       1875          1         10         35
       1876          1        105         57
       1877          1         10         16
       1878          3         81         81
       1879          1         10         14
       1880          1        229         56
       1881          1         30         44
       1882          2          5         40
       1883          1         14         16
       1884          1        165         14
       1885          1         10         14
       1886          1         14          4
       1887          1         10         15
       1888          1         14          4
       1889          1         31        118
       1890          1         28         90
       1891          2          5         42
       1892          1         32         54
       1893          1         31        489
       1894          1        105         41
       1895          1         14         15
       1896          1         28         57
       1897          1         14         16
       1898          2          5         44
       1899          1         10         16
       1900          1         32         16
       1901          1         10         14
       1902          1        112         54
       1903          1         14         55
       1904          1        105         15
       1905          1         10         14
       1906          2          5         46
       1907          1         14         56
       1908          1        105         55
       1909          2         41         38
       1910          1         10         17
       1911          1         14         16
       1912          1         32         56
       1913          2          5         50
          0          0          0          0
       1914          1         14         54
       1915          1         17          4
       1916          1         30         44
       1917          1         31         56
       1918          1         30         56
       1919          1         31         54
       1920          1        105          4
       1921          2          5         52
       1922          1         31         54
       1923          1         10         16
       1924          1         31         15
       1925          1         30         41
       1926          1        167         15
       1927          1         12         12
       1928          2         49         55
       1929          1        112         55
       1930          2          5         54
       1931          1         14         12
       1932          1         10         57
       1933          3         92         90
       1934          1         31         54
       1935          1         10         14
       1936          1         14         82
       1937          1         30         15
       1938          2          5         56
       1939          1        180        290
       1940          1        105         44
       1941          1         10         14
       1942          1         31          4
       1943          1         10         14
       1944          1         30          4
       1945          1        229         55
       1946          2          5         60
       1947          1         32         54
       1948          1         13         16
       1949          3         78         29
       1950          2         67         72
       1951          1         31         54
       1952          1         10         14
       1953          1         30         44
       1954          2          5         62
       1955          1         30         56
       1956          1        105         15
       1957          1         30         14
       1958          1         31         28
       1959          1        105         41
       1960          1         14         15
       1961          1         13         17
          0          0          0          0
       1962          2          5         64
       1963          2         56         98
       1964          1        112         14
       1965          1         10         14
       1966          2         45         87
       1967          1         31         54
       1968          1         10         14
       1969          1         30         56
       1970          2          5         66
       1971          1         14         16
       1972          1         31         14
       1973          1        105         44
       1974          1         14         15
       1975          1         13         17
       1976          1         26          4
       1977          1         31         55
       1978          2          5         70
       1979          1         31         56
       1980          1         30         44
       1981          1         31         56
       1982          1         30         56
       1983          1         31         54
       1984          1         10         16
       1985          3         90         29
       1986          1         10         14
       1987          2          5         72
       1988          1         31         54
       1989          1        119         56
       1990          1         31         14
       1991          1        105         56
       1992          1         10         15
       1993          2          5         74
       1994          1         32         16
       1995          1         10         14
       1996          1         14         16
       1997          1         32         56
          0          0          0          0
          0          0          0          0
       1998          1         14         54
       1999          1         31         44
       2000          2          5         76
       2001          3         82        180
       2002          1         31         88
       2003          1         13         14
       2004          1         27         44
       2005          1         14         55
       2006          1        105         23
       2007          2          6         49
       2008          1        112         16
       2009          1         10         14
       2010          1        229         14
       2011          1         30         44
       2012          1         14         16
       2013          1        105         14
       2014          1         10         14
       2015          2          6          2
       2016          1         14          4
       2017          1         31        515
       2018          1        256        190
       2019          1         14         55
       2020          1         30         15
       2021          3         78         30
          0          0          0          0
       2022          1        105         41
       2023          1         10         14
       2024          2          6          4
       2025          1         31         56
       2026          1        167         15
       2027          1         10         14
       2028          1         31         56
       2029          1         14         56
       2030          2          6          6
       2031          1         30         44
       2032          1         10         16
          0          0          0          0
       2033          1         31         56
       2034          1        112         56
       2035          2         45         67
       2036          1        165         55
       2037          1         13         15
       2038          2          6         10
          0          0          0          0
       2039          1         25         12