*********************************************************************************************************************************************
Job ID     Job Class  Arrival(VTU)    Loaded(VTU)     Terminate(VTU)  Turn Around(VTU)     Processing(VTU) Waiting(VTU)    TrafficCount 
*********************************************************************************************************************************************
20         2          1211            1220            2229            1018                 25              2036                     2  
28         2          3373            3928            4106            733                  17              1466                     2  
44         1          4768            4777            5615            847                  45              1694                     2  
59         2          6052            7610            7651            1599                 0               3198                     2  
75         2          7750            9287            9696            1946                 4               3892                     4  
110        1          10877           10891           12268           1391                 14              2782                     2  
108        2          10875           14382           14956           4081                 26              8162                     6  
121        2          15644           15673           16342           698                  12              1396                     2  
140        1          15663           15687           16883           1220                 16              2440                     2  
151        1          17765           17812           25438           7673                 56              15346                    2  
163        1          17777           17817           26264           8487                 6               16974                    4  
161        1          17775           26904           27244           9469                 16              18938                    2  
205        1          29493           29525           35692           6199                 16              12398                    2  
202        1          29490           29540           36586           7096                 3               14192                    2  
208        1          29496           37561           37652           8156                 15              16312                    2  
268        1          37994           38019           40881           2887                 55              5774                     2  
252        1          37978           38022           41369           3391                 44              6782                     2  
290        1          41837           41855           43645           1808                 54              3616                     2  
280        1          41827           44825           45150           3323                 54              6646                     2  
317        1          48644           48698           58658           10014                15              20028                    2  
318        1          48645           48722           59149           10504                17              21008                    2  
310        1          48637           48721           59497           10860                14              21720                    2  
363        1          48690           59515           64887           16197                54              32394                    2  
397        1          65658           65678           75998           10340                14              20680                    2  
378        1          65639           65683           76552           10913                44              21826                    2  
405        1          77284           77402           80869           3585                 44              7170                     2  
403        1          77282           77401           81303           4021                 56              8042                     2  
499        1          77378           77432           81657           4279                 5               8558                     2  
435        1          77314           81685           89290           11976                16              23952                    2  
520        1          77399           81680           89629           12230                56              24460                    2  
447        1          77326           89683           92232           14906                48              29812                    2  
473        1          77352           92966           95772           18420                44              36840                    2  
410        1          77289           97432           97457           20168                4               40336                    2  
523        1          98240           100022          100347          2107                 54              4214                     2  
604        1          100781          100854          103699          2918                 15              5836                     2  
602        1          100779          100853          104492          3713                 4               7426                     2  
629        1          100806          104710          107083          6277                 9               12554                    2  
624        1          100801          104695          107493          6692                 55              13384                    2  
621        1          100798          107574          119138          18340                56              36680                    2  
623        1          100800          107583          119560          18760                14              37520                    2  
554        1          100731          119596          124640          23909                10              47818                    2  
653        1          126566          126638          134551          7985                 54              15970                    2  
655        1          126568          126639          135006          8438                 4               16876                    2  
658        1          126571          135535          137984          11413                4               22826                    2  
724        1          126637          135534          138443          11806                16              23612                    2  
704        1          126617          135564          138803          12186                43              24372                    2  
726        1          139816          139867          142456          2640                 55              5280                     2  
740        1          139830          139858          143077          3247                 54              6494                     2  
780        1          144504          144684          153096          8592                 15              17184                    2  
795        1          144519          144691          153559          9040                 4               18080                    2  
861        1          144585          153987          162875          18290                55              36580                    2  
873        1          144597          153990          163271          18674                55              37348                    2  
841        1          144565          163652          167700          23135                4               46270                    2  
855        1          144579          163653          168133          23554                56              47108                    2  
806        2          144530          168614          171916          27386                9               54772                    4  
935        1          144659          168599          172443          27784                56              55568                    2  
898        1          144622          173251          182572          37950                56              75900                    2  
837        1          144561          173250          183020          38459                55              76918                    2  
880        2          144604          183582          184239          39635                9               79270                    2  
851        1          144575          185462          185727          41152                44              82304                    2  
930        1          144654          189049          189146          44492                16              88984                    2  
1004       1          189530          189742          192371          2841                 54              5682                     2  
1017       1          189543          189747          192760          3217                 56              6434                     2  
1109       1          189635          192863          202020          12385                6               24770                    2  
1095       1          189621          192860          202445          12824                56              25648                    2  
1164       1          189690          202625          205363          15673                56              31346                    2  
1033       1          189559          202638          205814          16255                17              32510                    2  
1180       1          189706          206181          207897          18191                44              36382                    2  
1092       1          189618          206192          208415          18797                16              37594                    2  
1049       1          189575          208733          209580          20005                56              40010                    2  
1067       1          189593          208752          210229          20636                47              41272                    2  
1087       1          189613          210694          217267          27654                54              55308                    2  
1047       1          189573          210711          217756          28183                44              56366                    2  
993        1          189519          217875          221191          31672                56              63344                    2  
1084       1          189610          221326          225567          35957                54              71914                    2  
1120       1          189646          227392          227477          37831                14              75662                    2  
1212       1          228980          228994          229644          664                  55              1328                     2  
1208       1          228976          228992          230032          1056                 1               2112                     2  
1250       1          230395          230420          233247          2852                 44              5704                     2  
1224       1          230369          230423          233556          3187                 14              6374                     2  
1274       1          234514          234562          236620          2106                 56              4212                     2  
1255       1          234495          234554          237202          2707                 24              5414                     2  
1272       1          234512          234561          237648          3136                 29              6272                     2  
1254       1          234494          240184          240275          5781                 15              11562                    2  
1339       1          241004          241148          246093          5089                 16              10178                    2  
1383       1          241048          241166          246952          5904                 12              11808                    2  
1377       1          241042          241165          247738          6696                 12              13392                    2  
1393       1          241058          248507          253556          12498                15              24996                    2  
1346       1          241011          248539          253959          12948                54              25896                    2  
1467       1          241132          248520          255022          13890                63              27780                    8  
1469       1          241134          255064          257346          16212                56              32424                    2  
1447       3          241112          257773          258012          16900                10              33800                    1  
1411       1          241076          257784          260175          19099                72              38198                    2  
1438       3          241103          261156          261277          20174                8               40348                    1  
1486       1          262429          262457          267047          4618                 4               9236                     2  
1480       1          262423          262454          267605          5182                 26              10364                    2  
1508       2          268786          268845          272136          3350                 17              6700                     2  
1565       1          268843          268873          272681          3838                 45              7676                     2  
1535       1          268813          268857          273198          4385                 72              8770                     2  
1553       1          268831          273499          278130          9299                 67              18598                    2  
1699       2          279366          279431          280199          833                  32              1666                     2  
1619       1          279286          279412          280786          1500                 15              3000                     2  
1616       1          279283          279411          281257          1974                 56              3948                     2  
1594       3          279261          281862          281958          2697                 7               5394                     1  
1709       1          279376          281871          288180          8804                 56              17608                    2  
1687       1          279354          281867          288788          9434                 56              18868                    2  
1654       1          279321          288965          291849          12528                4               25056                    2  
1589       1          279256          288974          292400          13144                44              26288                    2  
1692       1          279359          292500          295889          16530                54              33060                    2  
1633       3          279300          297377          297638          18338                20              36676                    1  
1724       2          298950          299057          300200          1250                 4               2500                     2  
1767       1          298993          299073          300724          1731                 16              3462                     2  
1825       1          299051          299094          301181          2130                 7               4260                     2  
1782       2          299008          301792          307955          8947                 34              17894                    2  
1826       1          299052          301788          308298          9246                 6               18492                    2  
1788       1          299014          301784          308712          9698                 14              19396                    2  
1729       1          298955          308737          310291          11336                55              22672                    2  
1835       2          311807          311821          313014          1207                 22              2414                     2  
1845       2          313661          313772          320101          6440                 26              12880                    2  
1844       1          313660          313731          320724          7064                 16              14128                    2  
1885       1          313701          313750          321433          7732                 14              15464                    2  
1896       1          313712          321844          323166          9454                 57              18908                    2  
1870       1          313686          324423          324748          11062                54              22124                    2  
1947       1          325285          325312          328981          3696                 54              7392                     2  
1920       1          325258          325303          329381          4123                 4               8246                     2  
1949       3          325287          330600          330621          5334                 9               10668                    1  
1986       1          331153          331177          334758          3605                 14              7210                     2  
1971       1          331138          331185          335133          3995                 16              7990                     2  
2011       1          337790          337806          341175          3385                 44              6770                     2  
2021       3          337800          342235          342256          4456                 10              8912                     1  
2037       1          342943          342949          343692          749                  15              1498                     2  

********************************************************************************************************************************************
                                                                Statistics
********************************************************************************************************************************************
Total jobs printed out:                                                                                                                 1967
CPU bound jobs processed:                                                                                                               1716
Balanced  jobs processed:                                                                                                                169
I/O bound jobs processed:                                                                                                                 82
Number of jobs rejected because of requested memory:                                                                                      72
Average Turnaround Time:                                                                                                       10838.28(VTU)
Average Waiting Time:                                                                                                          21676.56(VTU)
Total time for processing the jobs:                                                                                              343823(VTU)
Cumulative Average External Fragmentation:                                                                                            273.66
Cumulative Average Internal Fragmentation:                                                                                             10.53
